Red 0 100 100 48 28
Red 0 100 100 105 65
Red 0 100 100 178 78
Red 0 100 100 173 78
Red 0 100 100 175 78
Red 0 100 100 176 78
Red 0 100 100 36 28
Red 0 100 100 39 28
Red 0 100 100 72 9
Red 0 100 100 46 20
Red 0 100 100 59 5
Red 0 100 100 100 65
Red 0 100 100 108 65
Red 0 100 100 97 65
Red 0 100 100 80 46
Red 0 100 100 80 46
Red 0 100 100 90 46
Red 0 100 100 91 46
Purple 1 200 200 138 40
Purple 1 200 200 168 76
Purple 1 200 200 189 76
Purple 1 100 100 176 78
Red 0 100 100 55 58
Red 0 100 100 66 58
