Red 0 100 100 47 28
Red 0 100 100 97 65
Red 0 100 100 180 78
Red 0 100 100 185 78
Red 0 100 100 183 78
Red 0 100 100 182 78
Red 0 100 100 39 28
Red 0 100 100 39 28
Red 0 100 100 71 9
Red 0 100 100 46 20
Red 0 100 100 58 5
Red 0 100 100 102 65
Red 0 100 100 94 65
Red 0 100 100 105 65
Red 0 100 100 82 46
Red 0 100 100 82 46
Red 0 100 100 92 46
Red 0 100 100 91 46
Red 0 100 100 63 58
Red 0 100 100 57 58
Purple 1 200 200 136 40
Purple 1 200 200 168 76
Purple 1 200 200 189 76
Purple 1 100 100 182 78
